{
 "cells": [
  {
   "cell_type": "code",
   "execution_count": 1,
   "id": "1a2ec18b-2997-49fc-9c1d-6c9d3276d511",
   "metadata": {},
   "outputs": [],
   "source": [
    "from utils.multicamera_tools import parse_camera_xml, triangulate_poses\n",
    "from utils.video_tools import get_camera_calibration_files, get_video_files\n",
    "from utils.mediapipe_estimator import MediaPipeEstimator\n",
    "from scripts.frame_iterator import video_frame_iterator\n",
    "from scripts.parsers import parse_sequences as parse_sequence_info\n",
    "import numpy as np\n",
    "import bvhio"
   ]
  },
  {
   "cell_type": "code",
   "execution_count": 2,
   "id": "595c6122-5ad7-4d45-9946-25bd3a728d3c",
   "metadata": {},
   "outputs": [],
   "source": [
    "file_path = 'gait3d\\\\ListOfSequences.txt'\n",
    "sequences = parse_sequence_info(file_path)"
   ]
  },
  {
   "cell_type": "code",
   "execution_count": 3,
   "id": "1ab2b3f9-4360-4a32-82ef-a038f593b143",
   "metadata": {},
   "outputs": [
    {
     "data": {
      "text/plain": [
       "[{'name': 'c1',\n",
       "  'width': 960.0,\n",
       "  'height': 540.0,\n",
       "  'R': array([[ 0.00120615,  0.99999022,  0.0042542 ],\n",
       "         [ 0.21610251,  0.00389302, -0.97636292],\n",
       "         [-0.97636994,  0.00209698, -0.2160957 ]]),\n",
       "  'T': array([[  21.1943],\n",
       "         [ 613.873 ],\n",
       "         [3393.53  ]]),\n",
       "  'f': 546.711,\n",
       "  'c': array([480., 270.]),\n",
       "  'k': array([3.05309e-07, 0.00000e+00, 0.00000e+00]),\n",
       "  'p': array([0., 0.])},\n",
       " {'name': 'c2',\n",
       "  'width': 960.0,\n",
       "  'height': 540.0,\n",
       "  'R': array([[-0.99992544, -0.01190427,  0.002721  ],\n",
       "         [-0.00425836,  0.13109134, -0.99136115],\n",
       "         [ 0.01144473, -0.99129882, -0.13113225]]),\n",
       "  'T': array([[ -62.0904],\n",
       "         [ 618.389 ],\n",
       "         [5207.65  ]]),\n",
       "  'f': 553.247,\n",
       "  'c': array([480., 270.]),\n",
       "  'k': array([6.18469e-07, 0.00000e+00, 0.00000e+00]),\n",
       "  'p': array([0., 0.])},\n",
       " {'name': 'c3',\n",
       "  'width': 960.0,\n",
       "  'height': 540.0,\n",
       "  'R': array([[-0.01314138, -0.99977742,  0.01650498],\n",
       "         [-0.22256503, -0.01316765, -0.97482892],\n",
       "         [ 0.97482927, -0.01648403, -0.22234245]]),\n",
       "  'T': array([[   7.11863],\n",
       "         [ 503.15   ],\n",
       "         [3684.76   ]]),\n",
       "  'f': 536.266,\n",
       "  'c': array([480., 270.]),\n",
       "  'k': array([3.43876e-07, 0.00000e+00, 0.00000e+00]),\n",
       "  'p': array([0., 0.])},\n",
       " {'name': 'c4',\n",
       "  'width': 960.0,\n",
       "  'height': 540.0,\n",
       "  'R': array([[ 0.99995614, -0.00491679, -0.00797109],\n",
       "         [-0.00869044, -0.16984445, -0.98543256],\n",
       "         [ 0.00349131,  0.98545862, -0.16987973]]),\n",
       "  'T': array([[ 151.378],\n",
       "         [ 469.257],\n",
       "         [5216.93 ]]),\n",
       "  'f': 552.302,\n",
       "  'c': array([480., 270.]),\n",
       "  'k': array([5.21837e-07, 0.00000e+00, 0.00000e+00]),\n",
       "  'p': array([0., 0.])}]"
      ]
     },
     "execution_count": 3,
     "metadata": {},
     "output_type": "execute_result"
    }
   ],
   "source": [
    "SEQ_KEY = \"p1s3\"\n",
    "\n",
    "def calc_camera_params_for_seq(sequence_key):\n",
    "    camera_files_paths = get_camera_calibration_files(sequence_key)\n",
    "    return [parse_camera_xml(camera_path) for camera_path in camera_files_paths]\n",
    "    \n",
    "cameras_params = calc_camera_params_for_seq(SEQ_KEY)\n",
    "cameras_params"
   ]
  },
  {
   "cell_type": "code",
   "execution_count": 4,
   "id": "62ec652d-d388-49ad-845b-3192fbba9df2",
   "metadata": {},
   "outputs": [
    {
     "data": {
      "text/plain": [
       "['./gait3d/Sequences/p1s3/Images/c1_0435.avi',\n",
       " './gait3d/Sequences/p1s3/Images/c2_0435.avi',\n",
       " './gait3d/Sequences/p1s3/Images/c3_0435.avi',\n",
       " './gait3d/Sequences/p1s3/Images/c4_0435.avi']"
      ]
     },
     "execution_count": 4,
     "metadata": {},
     "output_type": "execute_result"
    }
   ],
   "source": [
    "video_files = get_video_files(SEQ_KEY)\n",
    "video_files"
   ]
  },
  {
   "cell_type": "code",
   "execution_count": 5,
   "id": "4c7591a1-8b1c-41ee-a736-30372900e301",
   "metadata": {
    "scrolled": true
   },
   "outputs": [
    {
     "name": "stderr",
     "output_type": "stream",
     "text": [
      "C:\\Users\\Miko7\\Studia\\magisterka\\gait-features-identification\\venv\\lib\\site-packages\\google\\protobuf\\symbol_database.py:55: UserWarning: SymbolDatabase.GetPrototype() is deprecated. Please use message_factory.GetMessageClass() instead. SymbolDatabase.GetPrototype() will be removed soon.\n",
      "  warnings.warn('SymbolDatabase.GetPrototype() is deprecated. Please '\n"
     ]
    },
    {
     "name": "stdout",
     "output_type": "stream",
     "text": [
      "[Frame 0] Landmarks not found!\n",
      "Camera 1 | Frame 0 - landmarks not found\n",
      "[True, False, True, True]\n",
      "[Frame 1] Landmarks not found!\n",
      "Camera 1 | Frame 1 - landmarks not found\n",
      "[True, False, True, True]\n",
      "[Frame 2] Landmarks not found!\n",
      "Camera 1 | Frame 2 - landmarks not found\n",
      "[True, False, True, True]\n",
      "[Frame 3] Landmarks not found!\n",
      "Camera 1 | Frame 3 - landmarks not found\n",
      "[True, False, True, True]\n",
      "[Frame 4] Landmarks not found!\n",
      "Camera 1 | Frame 4 - landmarks not found\n",
      "[True, False, True, True]\n",
      "[Frame 5] Landmarks not found!\n",
      "Camera 1 | Frame 5 - landmarks not found\n",
      "[True, False, True, True]\n",
      "[Frame 6] Landmarks not found!\n",
      "Camera 1 | Frame 6 - landmarks not found\n",
      "[True, False, True, True]\n",
      "[Frame 7] Landmarks not found!\n",
      "Camera 1 | Frame 7 - landmarks not found\n",
      "[True, False, True, True]\n",
      "[True, True, True, True]\n",
      "[Frame 9] Landmarks not found!\n",
      "Camera 1 | Frame 9 - landmarks not found\n",
      "[True, False, True, True]\n",
      "[Frame 10] Landmarks not found!\n",
      "Camera 1 | Frame 10 - landmarks not found\n",
      "[True, False, True, True]\n",
      "[Frame 11] Landmarks not found!\n",
      "Camera 1 | Frame 11 - landmarks not found\n",
      "[True, False, True, True]\n",
      "[Frame 12] Landmarks not found!\n",
      "Camera 1 | Frame 12 - landmarks not found\n",
      "[True, False, True, True]\n",
      "[Frame 13] Landmarks not found!\n",
      "Camera 1 | Frame 13 - landmarks not found\n",
      "[True, False, True, True]\n",
      "[Frame 14] Landmarks not found!\n",
      "Camera 1 | Frame 14 - landmarks not found\n",
      "[True, False, True, True]\n",
      "[Frame 15] Landmarks not found!\n",
      "Camera 1 | Frame 15 - landmarks not found\n",
      "[True, False, True, True]\n",
      "[Frame 16] Landmarks not found!\n",
      "Camera 1 | Frame 16 - landmarks not found\n",
      "[True, False, True, True]\n",
      "[Frame 17] Landmarks not found!\n",
      "Camera 1 | Frame 17 - landmarks not found\n",
      "[True, False, True, True]\n",
      "[Frame 18] Landmarks not found!\n",
      "Camera 1 | Frame 18 - landmarks not found\n",
      "[True, False, True, True]\n",
      "[True, True, True, True]\n",
      "[Frame 20] Landmarks not found!\n",
      "Camera 1 | Frame 20 - landmarks not found\n",
      "[True, False, True, True]\n",
      "[Frame 21] Landmarks not found!\n",
      "Camera 1 | Frame 21 - landmarks not found\n",
      "[True, False, True, True]\n",
      "[Frame 22] Landmarks not found!\n",
      "Camera 1 | Frame 22 - landmarks not found\n",
      "[True, False, True, True]\n",
      "[Frame 23] Landmarks not found!\n",
      "Camera 1 | Frame 23 - landmarks not found\n",
      "[True, False, True, True]\n",
      "[Frame 24] Landmarks not found!\n",
      "Camera 1 | Frame 24 - landmarks not found\n",
      "[True, False, True, True]\n",
      "[Frame 25] Landmarks not found!\n",
      "Camera 1 | Frame 25 - landmarks not found\n",
      "[True, False, True, True]\n",
      "[Frame 26] Landmarks not found!\n",
      "Camera 1 | Frame 26 - landmarks not found\n",
      "[True, False, True, True]\n",
      "[Frame 27] Landmarks not found!\n",
      "Camera 1 | Frame 27 - landmarks not found\n",
      "[True, False, True, True]\n",
      "[Frame 28] Landmarks not found!\n",
      "Camera 1 | Frame 28 - landmarks not found\n",
      "[True, False, True, True]\n",
      "[Frame 29] Landmarks not found!\n",
      "Camera 1 | Frame 29 - landmarks not found\n",
      "[True, False, True, True]\n",
      "[Frame 30] Landmarks not found!\n",
      "Camera 1 | Frame 30 - landmarks not found\n",
      "[True, False, True, True]\n",
      "[Frame 31] Landmarks not found!\n",
      "Camera 1 | Frame 31 - landmarks not found\n",
      "[True, False, True, True]\n",
      "[Frame 32] Landmarks not found!\n",
      "Camera 1 | Frame 32 - landmarks not found\n",
      "[True, False, True, True]\n",
      "[Frame 33] Landmarks not found!\n",
      "Camera 1 | Frame 33 - landmarks not found\n",
      "[True, False, True, True]\n",
      "[Frame 34] Landmarks not found!\n",
      "Camera 1 | Frame 34 - landmarks not found\n",
      "[True, False, True, True]\n",
      "[Frame 35] Landmarks not found!\n",
      "Camera 1 | Frame 35 - landmarks not found\n",
      "[True, False, True, True]\n",
      "[Frame 36] Landmarks not found!\n",
      "Camera 1 | Frame 36 - landmarks not found\n",
      "[True, False, True, True]\n",
      "[Frame 37] Landmarks not found!\n",
      "Camera 1 | Frame 37 - landmarks not found\n",
      "[True, False, True, True]\n",
      "[Frame 38] Landmarks not found!\n",
      "Camera 1 | Frame 38 - landmarks not found\n",
      "[True, False, True, True]\n",
      "[Frame 39] Landmarks not found!\n",
      "Camera 1 | Frame 39 - landmarks not found\n",
      "[True, False, True, True]\n",
      "[Frame 40] Landmarks not found!\n",
      "Camera 1 | Frame 40 - landmarks not found\n",
      "[True, False, True, True]\n",
      "[Frame 41] Landmarks not found!\n",
      "Camera 1 | Frame 41 - landmarks not found\n",
      "[True, False, True, True]\n",
      "[Frame 42] Landmarks not found!\n",
      "Camera 1 | Frame 42 - landmarks not found\n",
      "[True, False, True, True]\n",
      "[Frame 43] Landmarks not found!\n",
      "Camera 1 | Frame 43 - landmarks not found\n",
      "[True, False, True, True]\n",
      "[Frame 44] Landmarks not found!\n",
      "Camera 1 | Frame 44 - landmarks not found\n",
      "[True, False, True, True]\n",
      "[Frame 45] Landmarks not found!\n",
      "Camera 1 | Frame 45 - landmarks not found\n",
      "[True, False, True, True]\n",
      "[Frame 46] Landmarks not found!\n",
      "Camera 1 | Frame 46 - landmarks not found\n",
      "[True, False, True, True]\n",
      "[Frame 47] Landmarks not found!\n",
      "Camera 1 | Frame 47 - landmarks not found\n",
      "[True, False, True, True]\n",
      "[Frame 48] Landmarks not found!\n",
      "Camera 1 | Frame 48 - landmarks not found\n",
      "[True, False, True, True]\n",
      "[Frame 49] Landmarks not found!\n",
      "Camera 1 | Frame 49 - landmarks not found\n",
      "[True, False, True, True]\n",
      "[Frame 50] Landmarks not found!\n",
      "Camera 1 | Frame 50 - landmarks not found\n",
      "[True, False, True, True]\n",
      "[Frame 51] Landmarks not found!\n",
      "Camera 1 | Frame 51 - landmarks not found\n",
      "[True, False, True, True]\n",
      "[Frame 52] Landmarks not found!\n",
      "Camera 1 | Frame 52 - landmarks not found\n",
      "[True, False, True, True]\n",
      "[Frame 53] Landmarks not found!\n",
      "Camera 1 | Frame 53 - landmarks not found\n",
      "[True, False, True, True]\n",
      "[Frame 54] Landmarks not found!\n",
      "Camera 1 | Frame 54 - landmarks not found\n",
      "[True, False, True, True]\n",
      "[Frame 55] Landmarks not found!\n",
      "Camera 1 | Frame 55 - landmarks not found\n",
      "[True, False, True, True]\n",
      "[Frame 56] Landmarks not found!\n",
      "Camera 1 | Frame 56 - landmarks not found\n",
      "[True, False, True, True]\n",
      "[True, True, True, True]\n",
      "[True, True, True, True]\n",
      "[True, True, True, True]\n",
      "[True, True, True, True]\n",
      "[True, True, True, True]\n",
      "[True, True, True, True]\n",
      "[True, True, True, True]\n",
      "[True, True, True, True]\n",
      "[True, True, True, True]\n",
      "[True, True, True, True]\n",
      "[True, True, True, True]\n",
      "[True, True, True, True]\n",
      "[True, True, True, True]\n",
      "[True, True, True, True]\n",
      "[True, True, True, True]\n",
      "[True, True, True, True]\n",
      "[True, True, True, True]\n",
      "[True, True, True, True]\n",
      "[True, True, True, True]\n",
      "[True, True, True, True]\n",
      "[True, True, True, True]\n",
      "[True, True, True, True]\n",
      "[True, True, True, True]\n",
      "[True, True, True, True]\n",
      "[True, True, True, True]\n",
      "[True, True, True, True]\n",
      "[True, True, True, True]\n",
      "[True, True, True, True]\n",
      "[True, True, True, True]\n",
      "[True, True, True, True]\n",
      "[True, True, True, True]\n",
      "[True, True, True, True]\n",
      "[True, True, True, True]\n",
      "[True, True, True, True]\n",
      "[True, True, True, True]\n",
      "[True, True, True, True]\n",
      "[True, True, True, True]\n",
      "[True, True, True, True]\n",
      "[True, True, True, True]\n",
      "[True, True, True, True]\n",
      "[True, True, True, True]\n",
      "[True, True, True, True]\n",
      "[True, True, True, True]\n",
      "[True, True, True, True]\n",
      "[True, True, True, True]\n",
      "[True, True, True, True]\n",
      "[True, True, True, True]\n",
      "[True, True, True, True]\n",
      "[True, True, True, True]\n",
      "[True, True, True, True]\n",
      "[True, True, True, True]\n",
      "[True, True, True, True]\n",
      "[True, True, True, True]\n",
      "[True, True, True, True]\n",
      "[True, True, True, True]\n",
      "[True, True, True, True]\n",
      "[True, True, True, True]\n",
      "[True, True, True, True]\n",
      "[True, True, True, True]\n",
      "[True, True, True, True]\n",
      "[True, True, True, True]\n",
      "[True, True, True, True]\n",
      "[True, True, True, True]\n",
      "[True, True, True, True]\n",
      "[True, True, True, True]\n",
      "[True, True, True, True]\n",
      "[True, True, True, True]\n",
      "[True, True, True, True]\n",
      "[True, True, True, True]\n",
      "[True, True, True, True]\n",
      "[True, True, True, True]\n",
      "[True, True, True, True]\n",
      "[True, True, True, True]\n"
     ]
    }
   ],
   "source": [
    "frames_iterator = [video_frame_iterator(avi_file) for avi_file in video_files]\n",
    "mp_estimators = [MediaPipeEstimator() for _ in range(4)]\n",
    "predicted = [{} for _ in range(4)]\n",
    "combined_cameras_with_landmarks = []\n",
    "\n",
    "VIDEO_FPS = 25\n",
    "MOCAP_FPS = 100\n",
    "FRAME_TIME = 1000/VIDEO_FPS\n",
    "MAX_FRAMES = sequences[SEQ_KEY]['number_of_frames']\n",
    "\n",
    "for frame_i in range(MAX_FRAMES):\n",
    "    cameras_with_landmarks = [True for _ in range(4)]\n",
    "    \n",
    "    for camera_ind, (f_iterator, mp_estimator) in enumerate(zip(frames_iterator, mp_estimators)):\n",
    "        frame_ts, frame = next(f_iterator)\n",
    "        estimations = mp_estimator.predict_for_frame(frame_i, frame)\n",
    "        if not estimations:\n",
    "            print(f'Camera {camera_ind} | Frame {frame_i} - landmarks not found')\n",
    "            cameras_with_landmarks[camera_ind] = False\n",
    "\n",
    "        predicted[camera_ind][frame_i] = estimations\n",
    "        \n",
    "    print(cameras_with_landmarks)\n",
    "    combined_cameras_with_landmarks.append(cameras_with_landmarks)"
   ]
  },
  {
   "cell_type": "code",
   "execution_count": 6,
   "id": "c03c7c41-5d4e-49ff-bd5c-179af82e91f9",
   "metadata": {},
   "outputs": [
    {
     "data": {
      "text/plain": [
       "4"
      ]
     },
     "execution_count": 6,
     "metadata": {},
     "output_type": "execute_result"
    }
   ],
   "source": [
    "len(cameras_params)"
   ]
  },
  {
   "cell_type": "code",
   "execution_count": 7,
   "id": "7e9239f9-58ea-468b-8e17-f51ac0f51ee3",
   "metadata": {
    "scrolled": true
   },
   "outputs": [
    {
     "name": "stdout",
     "output_type": "stream",
     "text": [
      "0\n",
      "[0, 2, 3]\n",
      "[{'name': 'c1', 'width': 960.0, 'height': 540.0, 'R': array([[ 0.00120615,  0.99999022,  0.0042542 ],\n",
      "       [ 0.21610251,  0.00389302, -0.97636292],\n",
      "       [-0.97636994,  0.00209698, -0.2160957 ]]), 'T': array([[  21.1943],\n",
      "       [ 613.873 ],\n",
      "       [3393.53  ]]), 'f': 546.711, 'c': array([480., 270.]), 'k': array([3.05309e-07, 0.00000e+00, 0.00000e+00]), 'p': array([0., 0.])}, {'name': 'c3', 'width': 960.0, 'height': 540.0, 'R': array([[-0.01314138, -0.99977742,  0.01650498],\n",
      "       [-0.22256503, -0.01316765, -0.97482892],\n",
      "       [ 0.97482927, -0.01648403, -0.22234245]]), 'T': array([[   7.11863],\n",
      "       [ 503.15   ],\n",
      "       [3684.76   ]]), 'f': 536.266, 'c': array([480., 270.]), 'k': array([3.43876e-07, 0.00000e+00, 0.00000e+00]), 'p': array([0., 0.])}, {'name': 'c4', 'width': 960.0, 'height': 540.0, 'R': array([[ 0.99995614, -0.00491679, -0.00797109],\n",
      "       [-0.00869044, -0.16984445, -0.98543256],\n",
      "       [ 0.00349131,  0.98545862, -0.16987973]]), 'T': array([[ 151.378],\n",
      "       [ 469.257],\n",
      "       [5216.93 ]]), 'f': 552.302, 'c': array([480., 270.]), 'k': array([5.21837e-07, 0.00000e+00, 0.00000e+00]), 'p': array([0., 0.])}]\n",
      "1\n",
      "[0, 2, 3]\n",
      "[{'name': 'c1', 'width': 960.0, 'height': 540.0, 'R': array([[ 0.00120615,  0.99999022,  0.0042542 ],\n",
      "       [ 0.21610251,  0.00389302, -0.97636292],\n",
      "       [-0.97636994,  0.00209698, -0.2160957 ]]), 'T': array([[  21.1943],\n",
      "       [ 613.873 ],\n",
      "       [3393.53  ]]), 'f': 546.711, 'c': array([480., 270.]), 'k': array([3.05309e-07, 0.00000e+00, 0.00000e+00]), 'p': array([0., 0.])}, {'name': 'c3', 'width': 960.0, 'height': 540.0, 'R': array([[-0.01314138, -0.99977742,  0.01650498],\n",
      "       [-0.22256503, -0.01316765, -0.97482892],\n",
      "       [ 0.97482927, -0.01648403, -0.22234245]]), 'T': array([[   7.11863],\n",
      "       [ 503.15   ],\n",
      "       [3684.76   ]]), 'f': 536.266, 'c': array([480., 270.]), 'k': array([3.43876e-07, 0.00000e+00, 0.00000e+00]), 'p': array([0., 0.])}, {'name': 'c4', 'width': 960.0, 'height': 540.0, 'R': array([[ 0.99995614, -0.00491679, -0.00797109],\n",
      "       [-0.00869044, -0.16984445, -0.98543256],\n",
      "       [ 0.00349131,  0.98545862, -0.16987973]]), 'T': array([[ 151.378],\n",
      "       [ 469.257],\n",
      "       [5216.93 ]]), 'f': 552.302, 'c': array([480., 270.]), 'k': array([5.21837e-07, 0.00000e+00, 0.00000e+00]), 'p': array([0., 0.])}]\n",
      "2\n",
      "[0, 2, 3]\n",
      "[{'name': 'c1', 'width': 960.0, 'height': 540.0, 'R': array([[ 0.00120615,  0.99999022,  0.0042542 ],\n",
      "       [ 0.21610251,  0.00389302, -0.97636292],\n",
      "       [-0.97636994,  0.00209698, -0.2160957 ]]), 'T': array([[  21.1943],\n",
      "       [ 613.873 ],\n",
      "       [3393.53  ]]), 'f': 546.711, 'c': array([480., 270.]), 'k': array([3.05309e-07, 0.00000e+00, 0.00000e+00]), 'p': array([0., 0.])}, {'name': 'c3', 'width': 960.0, 'height': 540.0, 'R': array([[-0.01314138, -0.99977742,  0.01650498],\n",
      "       [-0.22256503, -0.01316765, -0.97482892],\n",
      "       [ 0.97482927, -0.01648403, -0.22234245]]), 'T': array([[   7.11863],\n",
      "       [ 503.15   ],\n",
      "       [3684.76   ]]), 'f': 536.266, 'c': array([480., 270.]), 'k': array([3.43876e-07, 0.00000e+00, 0.00000e+00]), 'p': array([0., 0.])}, {'name': 'c4', 'width': 960.0, 'height': 540.0, 'R': array([[ 0.99995614, -0.00491679, -0.00797109],\n",
      "       [-0.00869044, -0.16984445, -0.98543256],\n",
      "       [ 0.00349131,  0.98545862, -0.16987973]]), 'T': array([[ 151.378],\n",
      "       [ 469.257],\n",
      "       [5216.93 ]]), 'f': 552.302, 'c': array([480., 270.]), 'k': array([5.21837e-07, 0.00000e+00, 0.00000e+00]), 'p': array([0., 0.])}]\n",
      "3\n",
      "[0, 2, 3]\n",
      "[{'name': 'c1', 'width': 960.0, 'height': 540.0, 'R': array([[ 0.00120615,  0.99999022,  0.0042542 ],\n",
      "       [ 0.21610251,  0.00389302, -0.97636292],\n",
      "       [-0.97636994,  0.00209698, -0.2160957 ]]), 'T': array([[  21.1943],\n",
      "       [ 613.873 ],\n",
      "       [3393.53  ]]), 'f': 546.711, 'c': array([480., 270.]), 'k': array([3.05309e-07, 0.00000e+00, 0.00000e+00]), 'p': array([0., 0.])}, {'name': 'c3', 'width': 960.0, 'height': 540.0, 'R': array([[-0.01314138, -0.99977742,  0.01650498],\n",
      "       [-0.22256503, -0.01316765, -0.97482892],\n",
      "       [ 0.97482927, -0.01648403, -0.22234245]]), 'T': array([[   7.11863],\n",
      "       [ 503.15   ],\n",
      "       [3684.76   ]]), 'f': 536.266, 'c': array([480., 270.]), 'k': array([3.43876e-07, 0.00000e+00, 0.00000e+00]), 'p': array([0., 0.])}, {'name': 'c4', 'width': 960.0, 'height': 540.0, 'R': array([[ 0.99995614, -0.00491679, -0.00797109],\n",
      "       [-0.00869044, -0.16984445, -0.98543256],\n",
      "       [ 0.00349131,  0.98545862, -0.16987973]]), 'T': array([[ 151.378],\n",
      "       [ 469.257],\n",
      "       [5216.93 ]]), 'f': 552.302, 'c': array([480., 270.]), 'k': array([5.21837e-07, 0.00000e+00, 0.00000e+00]), 'p': array([0., 0.])}]\n",
      "4\n",
      "[0, 2, 3]\n",
      "[{'name': 'c1', 'width': 960.0, 'height': 540.0, 'R': array([[ 0.00120615,  0.99999022,  0.0042542 ],\n",
      "       [ 0.21610251,  0.00389302, -0.97636292],\n",
      "       [-0.97636994,  0.00209698, -0.2160957 ]]), 'T': array([[  21.1943],\n",
      "       [ 613.873 ],\n",
      "       [3393.53  ]]), 'f': 546.711, 'c': array([480., 270.]), 'k': array([3.05309e-07, 0.00000e+00, 0.00000e+00]), 'p': array([0., 0.])}, {'name': 'c3', 'width': 960.0, 'height': 540.0, 'R': array([[-0.01314138, -0.99977742,  0.01650498],\n",
      "       [-0.22256503, -0.01316765, -0.97482892],\n",
      "       [ 0.97482927, -0.01648403, -0.22234245]]), 'T': array([[   7.11863],\n",
      "       [ 503.15   ],\n",
      "       [3684.76   ]]), 'f': 536.266, 'c': array([480., 270.]), 'k': array([3.43876e-07, 0.00000e+00, 0.00000e+00]), 'p': array([0., 0.])}, {'name': 'c4', 'width': 960.0, 'height': 540.0, 'R': array([[ 0.99995614, -0.00491679, -0.00797109],\n",
      "       [-0.00869044, -0.16984445, -0.98543256],\n",
      "       [ 0.00349131,  0.98545862, -0.16987973]]), 'T': array([[ 151.378],\n",
      "       [ 469.257],\n",
      "       [5216.93 ]]), 'f': 552.302, 'c': array([480., 270.]), 'k': array([5.21837e-07, 0.00000e+00, 0.00000e+00]), 'p': array([0., 0.])}]\n",
      "5\n",
      "[0, 2, 3]\n",
      "[{'name': 'c1', 'width': 960.0, 'height': 540.0, 'R': array([[ 0.00120615,  0.99999022,  0.0042542 ],\n",
      "       [ 0.21610251,  0.00389302, -0.97636292],\n",
      "       [-0.97636994,  0.00209698, -0.2160957 ]]), 'T': array([[  21.1943],\n",
      "       [ 613.873 ],\n",
      "       [3393.53  ]]), 'f': 546.711, 'c': array([480., 270.]), 'k': array([3.05309e-07, 0.00000e+00, 0.00000e+00]), 'p': array([0., 0.])}, {'name': 'c3', 'width': 960.0, 'height': 540.0, 'R': array([[-0.01314138, -0.99977742,  0.01650498],\n",
      "       [-0.22256503, -0.01316765, -0.97482892],\n",
      "       [ 0.97482927, -0.01648403, -0.22234245]]), 'T': array([[   7.11863],\n",
      "       [ 503.15   ],\n",
      "       [3684.76   ]]), 'f': 536.266, 'c': array([480., 270.]), 'k': array([3.43876e-07, 0.00000e+00, 0.00000e+00]), 'p': array([0., 0.])}, {'name': 'c4', 'width': 960.0, 'height': 540.0, 'R': array([[ 0.99995614, -0.00491679, -0.00797109],\n",
      "       [-0.00869044, -0.16984445, -0.98543256],\n",
      "       [ 0.00349131,  0.98545862, -0.16987973]]), 'T': array([[ 151.378],\n",
      "       [ 469.257],\n",
      "       [5216.93 ]]), 'f': 552.302, 'c': array([480., 270.]), 'k': array([5.21837e-07, 0.00000e+00, 0.00000e+00]), 'p': array([0., 0.])}]\n",
      "6\n",
      "[0, 2, 3]\n",
      "[{'name': 'c1', 'width': 960.0, 'height': 540.0, 'R': array([[ 0.00120615,  0.99999022,  0.0042542 ],\n",
      "       [ 0.21610251,  0.00389302, -0.97636292],\n",
      "       [-0.97636994,  0.00209698, -0.2160957 ]]), 'T': array([[  21.1943],\n",
      "       [ 613.873 ],\n",
      "       [3393.53  ]]), 'f': 546.711, 'c': array([480., 270.]), 'k': array([3.05309e-07, 0.00000e+00, 0.00000e+00]), 'p': array([0., 0.])}, {'name': 'c3', 'width': 960.0, 'height': 540.0, 'R': array([[-0.01314138, -0.99977742,  0.01650498],\n",
      "       [-0.22256503, -0.01316765, -0.97482892],\n",
      "       [ 0.97482927, -0.01648403, -0.22234245]]), 'T': array([[   7.11863],\n",
      "       [ 503.15   ],\n",
      "       [3684.76   ]]), 'f': 536.266, 'c': array([480., 270.]), 'k': array([3.43876e-07, 0.00000e+00, 0.00000e+00]), 'p': array([0., 0.])}, {'name': 'c4', 'width': 960.0, 'height': 540.0, 'R': array([[ 0.99995614, -0.00491679, -0.00797109],\n",
      "       [-0.00869044, -0.16984445, -0.98543256],\n",
      "       [ 0.00349131,  0.98545862, -0.16987973]]), 'T': array([[ 151.378],\n",
      "       [ 469.257],\n",
      "       [5216.93 ]]), 'f': 552.302, 'c': array([480., 270.]), 'k': array([5.21837e-07, 0.00000e+00, 0.00000e+00]), 'p': array([0., 0.])}]\n",
      "7\n",
      "[0, 2, 3]\n",
      "[{'name': 'c1', 'width': 960.0, 'height': 540.0, 'R': array([[ 0.00120615,  0.99999022,  0.0042542 ],\n",
      "       [ 0.21610251,  0.00389302, -0.97636292],\n",
      "       [-0.97636994,  0.00209698, -0.2160957 ]]), 'T': array([[  21.1943],\n",
      "       [ 613.873 ],\n",
      "       [3393.53  ]]), 'f': 546.711, 'c': array([480., 270.]), 'k': array([3.05309e-07, 0.00000e+00, 0.00000e+00]), 'p': array([0., 0.])}, {'name': 'c3', 'width': 960.0, 'height': 540.0, 'R': array([[-0.01314138, -0.99977742,  0.01650498],\n",
      "       [-0.22256503, -0.01316765, -0.97482892],\n",
      "       [ 0.97482927, -0.01648403, -0.22234245]]), 'T': array([[   7.11863],\n",
      "       [ 503.15   ],\n",
      "       [3684.76   ]]), 'f': 536.266, 'c': array([480., 270.]), 'k': array([3.43876e-07, 0.00000e+00, 0.00000e+00]), 'p': array([0., 0.])}, {'name': 'c4', 'width': 960.0, 'height': 540.0, 'R': array([[ 0.99995614, -0.00491679, -0.00797109],\n",
      "       [-0.00869044, -0.16984445, -0.98543256],\n",
      "       [ 0.00349131,  0.98545862, -0.16987973]]), 'T': array([[ 151.378],\n",
      "       [ 469.257],\n",
      "       [5216.93 ]]), 'f': 552.302, 'c': array([480., 270.]), 'k': array([5.21837e-07, 0.00000e+00, 0.00000e+00]), 'p': array([0., 0.])}]\n",
      "8\n",
      "[0, 1, 2, 3]\n",
      "[{'name': 'c1', 'width': 960.0, 'height': 540.0, 'R': array([[ 0.00120615,  0.99999022,  0.0042542 ],\n",
      "       [ 0.21610251,  0.00389302, -0.97636292],\n",
      "       [-0.97636994,  0.00209698, -0.2160957 ]]), 'T': array([[  21.1943],\n",
      "       [ 613.873 ],\n",
      "       [3393.53  ]]), 'f': 546.711, 'c': array([480., 270.]), 'k': array([3.05309e-07, 0.00000e+00, 0.00000e+00]), 'p': array([0., 0.])}, {'name': 'c2', 'width': 960.0, 'height': 540.0, 'R': array([[-0.99992544, -0.01190427,  0.002721  ],\n",
      "       [-0.00425836,  0.13109134, -0.99136115],\n",
      "       [ 0.01144473, -0.99129882, -0.13113225]]), 'T': array([[ -62.0904],\n",
      "       [ 618.389 ],\n",
      "       [5207.65  ]]), 'f': 553.247, 'c': array([480., 270.]), 'k': array([6.18469e-07, 0.00000e+00, 0.00000e+00]), 'p': array([0., 0.])}, {'name': 'c3', 'width': 960.0, 'height': 540.0, 'R': array([[-0.01314138, -0.99977742,  0.01650498],\n",
      "       [-0.22256503, -0.01316765, -0.97482892],\n",
      "       [ 0.97482927, -0.01648403, -0.22234245]]), 'T': array([[   7.11863],\n",
      "       [ 503.15   ],\n",
      "       [3684.76   ]]), 'f': 536.266, 'c': array([480., 270.]), 'k': array([3.43876e-07, 0.00000e+00, 0.00000e+00]), 'p': array([0., 0.])}, {'name': 'c4', 'width': 960.0, 'height': 540.0, 'R': array([[ 0.99995614, -0.00491679, -0.00797109],\n",
      "       [-0.00869044, -0.16984445, -0.98543256],\n",
      "       [ 0.00349131,  0.98545862, -0.16987973]]), 'T': array([[ 151.378],\n",
      "       [ 469.257],\n",
      "       [5216.93 ]]), 'f': 552.302, 'c': array([480., 270.]), 'k': array([5.21837e-07, 0.00000e+00, 0.00000e+00]), 'p': array([0., 0.])}]\n",
      "9\n",
      "[0, 2, 3]\n",
      "[{'name': 'c1', 'width': 960.0, 'height': 540.0, 'R': array([[ 0.00120615,  0.99999022,  0.0042542 ],\n",
      "       [ 0.21610251,  0.00389302, -0.97636292],\n",
      "       [-0.97636994,  0.00209698, -0.2160957 ]]), 'T': array([[  21.1943],\n",
      "       [ 613.873 ],\n",
      "       [3393.53  ]]), 'f': 546.711, 'c': array([480., 270.]), 'k': array([3.05309e-07, 0.00000e+00, 0.00000e+00]), 'p': array([0., 0.])}, {'name': 'c3', 'width': 960.0, 'height': 540.0, 'R': array([[-0.01314138, -0.99977742,  0.01650498],\n",
      "       [-0.22256503, -0.01316765, -0.97482892],\n",
      "       [ 0.97482927, -0.01648403, -0.22234245]]), 'T': array([[   7.11863],\n",
      "       [ 503.15   ],\n",
      "       [3684.76   ]]), 'f': 536.266, 'c': array([480., 270.]), 'k': array([3.43876e-07, 0.00000e+00, 0.00000e+00]), 'p': array([0., 0.])}, {'name': 'c4', 'width': 960.0, 'height': 540.0, 'R': array([[ 0.99995614, -0.00491679, -0.00797109],\n",
      "       [-0.00869044, -0.16984445, -0.98543256],\n",
      "       [ 0.00349131,  0.98545862, -0.16987973]]), 'T': array([[ 151.378],\n",
      "       [ 469.257],\n",
      "       [5216.93 ]]), 'f': 552.302, 'c': array([480., 270.]), 'k': array([5.21837e-07, 0.00000e+00, 0.00000e+00]), 'p': array([0., 0.])}]\n",
      "10\n",
      "[0, 2, 3]\n",
      "[{'name': 'c1', 'width': 960.0, 'height': 540.0, 'R': array([[ 0.00120615,  0.99999022,  0.0042542 ],\n",
      "       [ 0.21610251,  0.00389302, -0.97636292],\n",
      "       [-0.97636994,  0.00209698, -0.2160957 ]]), 'T': array([[  21.1943],\n",
      "       [ 613.873 ],\n",
      "       [3393.53  ]]), 'f': 546.711, 'c': array([480., 270.]), 'k': array([3.05309e-07, 0.00000e+00, 0.00000e+00]), 'p': array([0., 0.])}, {'name': 'c3', 'width': 960.0, 'height': 540.0, 'R': array([[-0.01314138, -0.99977742,  0.01650498],\n",
      "       [-0.22256503, -0.01316765, -0.97482892],\n",
      "       [ 0.97482927, -0.01648403, -0.22234245]]), 'T': array([[   7.11863],\n",
      "       [ 503.15   ],\n",
      "       [3684.76   ]]), 'f': 536.266, 'c': array([480., 270.]), 'k': array([3.43876e-07, 0.00000e+00, 0.00000e+00]), 'p': array([0., 0.])}, {'name': 'c4', 'width': 960.0, 'height': 540.0, 'R': array([[ 0.99995614, -0.00491679, -0.00797109],\n",
      "       [-0.00869044, -0.16984445, -0.98543256],\n",
      "       [ 0.00349131,  0.98545862, -0.16987973]]), 'T': array([[ 151.378],\n",
      "       [ 469.257],\n",
      "       [5216.93 ]]), 'f': 552.302, 'c': array([480., 270.]), 'k': array([5.21837e-07, 0.00000e+00, 0.00000e+00]), 'p': array([0., 0.])}]\n",
      "11\n",
      "[0, 2, 3]\n",
      "[{'name': 'c1', 'width': 960.0, 'height': 540.0, 'R': array([[ 0.00120615,  0.99999022,  0.0042542 ],\n",
      "       [ 0.21610251,  0.00389302, -0.97636292],\n",
      "       [-0.97636994,  0.00209698, -0.2160957 ]]), 'T': array([[  21.1943],\n",
      "       [ 613.873 ],\n",
      "       [3393.53  ]]), 'f': 546.711, 'c': array([480., 270.]), 'k': array([3.05309e-07, 0.00000e+00, 0.00000e+00]), 'p': array([0., 0.])}, {'name': 'c3', 'width': 960.0, 'height': 540.0, 'R': array([[-0.01314138, -0.99977742,  0.01650498],\n",
      "       [-0.22256503, -0.01316765, -0.97482892],\n",
      "       [ 0.97482927, -0.01648403, -0.22234245]]), 'T': array([[   7.11863],\n",
      "       [ 503.15   ],\n",
      "       [3684.76   ]]), 'f': 536.266, 'c': array([480., 270.]), 'k': array([3.43876e-07, 0.00000e+00, 0.00000e+00]), 'p': array([0., 0.])}, {'name': 'c4', 'width': 960.0, 'height': 540.0, 'R': array([[ 0.99995614, -0.00491679, -0.00797109],\n",
      "       [-0.00869044, -0.16984445, -0.98543256],\n",
      "       [ 0.00349131,  0.98545862, -0.16987973]]), 'T': array([[ 151.378],\n",
      "       [ 469.257],\n",
      "       [5216.93 ]]), 'f': 552.302, 'c': array([480., 270.]), 'k': array([5.21837e-07, 0.00000e+00, 0.00000e+00]), 'p': array([0., 0.])}]\n",
      "12\n",
      "[0, 2, 3]\n",
      "[{'name': 'c1', 'width': 960.0, 'height': 540.0, 'R': array([[ 0.00120615,  0.99999022,  0.0042542 ],\n",
      "       [ 0.21610251,  0.00389302, -0.97636292],\n",
      "       [-0.97636994,  0.00209698, -0.2160957 ]]), 'T': array([[  21.1943],\n",
      "       [ 613.873 ],\n",
      "       [3393.53  ]]), 'f': 546.711, 'c': array([480., 270.]), 'k': array([3.05309e-07, 0.00000e+00, 0.00000e+00]), 'p': array([0., 0.])}, {'name': 'c3', 'width': 960.0, 'height': 540.0, 'R': array([[-0.01314138, -0.99977742,  0.01650498],\n",
      "       [-0.22256503, -0.01316765, -0.97482892],\n",
      "       [ 0.97482927, -0.01648403, -0.22234245]]), 'T': array([[   7.11863],\n",
      "       [ 503.15   ],\n",
      "       [3684.76   ]]), 'f': 536.266, 'c': array([480., 270.]), 'k': array([3.43876e-07, 0.00000e+00, 0.00000e+00]), 'p': array([0., 0.])}, {'name': 'c4', 'width': 960.0, 'height': 540.0, 'R': array([[ 0.99995614, -0.00491679, -0.00797109],\n",
      "       [-0.00869044, -0.16984445, -0.98543256],\n",
      "       [ 0.00349131,  0.98545862, -0.16987973]]), 'T': array([[ 151.378],\n",
      "       [ 469.257],\n",
      "       [5216.93 ]]), 'f': 552.302, 'c': array([480., 270.]), 'k': array([5.21837e-07, 0.00000e+00, 0.00000e+00]), 'p': array([0., 0.])}]\n",
      "13\n",
      "[0, 2, 3]\n",
      "[{'name': 'c1', 'width': 960.0, 'height': 540.0, 'R': array([[ 0.00120615,  0.99999022,  0.0042542 ],\n",
      "       [ 0.21610251,  0.00389302, -0.97636292],\n",
      "       [-0.97636994,  0.00209698, -0.2160957 ]]), 'T': array([[  21.1943],\n",
      "       [ 613.873 ],\n",
      "       [3393.53  ]]), 'f': 546.711, 'c': array([480., 270.]), 'k': array([3.05309e-07, 0.00000e+00, 0.00000e+00]), 'p': array([0., 0.])}, {'name': 'c3', 'width': 960.0, 'height': 540.0, 'R': array([[-0.01314138, -0.99977742,  0.01650498],\n",
      "       [-0.22256503, -0.01316765, -0.97482892],\n",
      "       [ 0.97482927, -0.01648403, -0.22234245]]), 'T': array([[   7.11863],\n",
      "       [ 503.15   ],\n",
      "       [3684.76   ]]), 'f': 536.266, 'c': array([480., 270.]), 'k': array([3.43876e-07, 0.00000e+00, 0.00000e+00]), 'p': array([0., 0.])}, {'name': 'c4', 'width': 960.0, 'height': 540.0, 'R': array([[ 0.99995614, -0.00491679, -0.00797109],\n",
      "       [-0.00869044, -0.16984445, -0.98543256],\n",
      "       [ 0.00349131,  0.98545862, -0.16987973]]), 'T': array([[ 151.378],\n",
      "       [ 469.257],\n",
      "       [5216.93 ]]), 'f': 552.302, 'c': array([480., 270.]), 'k': array([5.21837e-07, 0.00000e+00, 0.00000e+00]), 'p': array([0., 0.])}]\n",
      "14\n",
      "[0, 2, 3]\n",
      "[{'name': 'c1', 'width': 960.0, 'height': 540.0, 'R': array([[ 0.00120615,  0.99999022,  0.0042542 ],\n",
      "       [ 0.21610251,  0.00389302, -0.97636292],\n",
      "       [-0.97636994,  0.00209698, -0.2160957 ]]), 'T': array([[  21.1943],\n",
      "       [ 613.873 ],\n",
      "       [3393.53  ]]), 'f': 546.711, 'c': array([480., 270.]), 'k': array([3.05309e-07, 0.00000e+00, 0.00000e+00]), 'p': array([0., 0.])}, {'name': 'c3', 'width': 960.0, 'height': 540.0, 'R': array([[-0.01314138, -0.99977742,  0.01650498],\n",
      "       [-0.22256503, -0.01316765, -0.97482892],\n",
      "       [ 0.97482927, -0.01648403, -0.22234245]]), 'T': array([[   7.11863],\n",
      "       [ 503.15   ],\n",
      "       [3684.76   ]]), 'f': 536.266, 'c': array([480., 270.]), 'k': array([3.43876e-07, 0.00000e+00, 0.00000e+00]), 'p': array([0., 0.])}, {'name': 'c4', 'width': 960.0, 'height': 540.0, 'R': array([[ 0.99995614, -0.00491679, -0.00797109],\n",
      "       [-0.00869044, -0.16984445, -0.98543256],\n",
      "       [ 0.00349131,  0.98545862, -0.16987973]]), 'T': array([[ 151.378],\n",
      "       [ 469.257],\n",
      "       [5216.93 ]]), 'f': 552.302, 'c': array([480., 270.]), 'k': array([5.21837e-07, 0.00000e+00, 0.00000e+00]), 'p': array([0., 0.])}]\n",
      "15\n",
      "[0, 2, 3]\n",
      "[{'name': 'c1', 'width': 960.0, 'height': 540.0, 'R': array([[ 0.00120615,  0.99999022,  0.0042542 ],\n",
      "       [ 0.21610251,  0.00389302, -0.97636292],\n",
      "       [-0.97636994,  0.00209698, -0.2160957 ]]), 'T': array([[  21.1943],\n",
      "       [ 613.873 ],\n",
      "       [3393.53  ]]), 'f': 546.711, 'c': array([480., 270.]), 'k': array([3.05309e-07, 0.00000e+00, 0.00000e+00]), 'p': array([0., 0.])}, {'name': 'c3', 'width': 960.0, 'height': 540.0, 'R': array([[-0.01314138, -0.99977742,  0.01650498],\n",
      "       [-0.22256503, -0.01316765, -0.97482892],\n",
      "       [ 0.97482927, -0.01648403, -0.22234245]]), 'T': array([[   7.11863],\n",
      "       [ 503.15   ],\n",
      "       [3684.76   ]]), 'f': 536.266, 'c': array([480., 270.]), 'k': array([3.43876e-07, 0.00000e+00, 0.00000e+00]), 'p': array([0., 0.])}, {'name': 'c4', 'width': 960.0, 'height': 540.0, 'R': array([[ 0.99995614, -0.00491679, -0.00797109],\n",
      "       [-0.00869044, -0.16984445, -0.98543256],\n",
      "       [ 0.00349131,  0.98545862, -0.16987973]]), 'T': array([[ 151.378],\n",
      "       [ 469.257],\n",
      "       [5216.93 ]]), 'f': 552.302, 'c': array([480., 270.]), 'k': array([5.21837e-07, 0.00000e+00, 0.00000e+00]), 'p': array([0., 0.])}]\n",
      "16\n",
      "[0, 2, 3]\n",
      "[{'name': 'c1', 'width': 960.0, 'height': 540.0, 'R': array([[ 0.00120615,  0.99999022,  0.0042542 ],\n",
      "       [ 0.21610251,  0.00389302, -0.97636292],\n",
      "       [-0.97636994,  0.00209698, -0.2160957 ]]), 'T': array([[  21.1943],\n",
      "       [ 613.873 ],\n",
      "       [3393.53  ]]), 'f': 546.711, 'c': array([480., 270.]), 'k': array([3.05309e-07, 0.00000e+00, 0.00000e+00]), 'p': array([0., 0.])}, {'name': 'c3', 'width': 960.0, 'height': 540.0, 'R': array([[-0.01314138, -0.99977742,  0.01650498],\n",
      "       [-0.22256503, -0.01316765, -0.97482892],\n",
      "       [ 0.97482927, -0.01648403, -0.22234245]]), 'T': array([[   7.11863],\n",
      "       [ 503.15   ],\n",
      "       [3684.76   ]]), 'f': 536.266, 'c': array([480., 270.]), 'k': array([3.43876e-07, 0.00000e+00, 0.00000e+00]), 'p': array([0., 0.])}, {'name': 'c4', 'width': 960.0, 'height': 540.0, 'R': array([[ 0.99995614, -0.00491679, -0.00797109],\n",
      "       [-0.00869044, -0.16984445, -0.98543256],\n",
      "       [ 0.00349131,  0.98545862, -0.16987973]]), 'T': array([[ 151.378],\n",
      "       [ 469.257],\n",
      "       [5216.93 ]]), 'f': 552.302, 'c': array([480., 270.]), 'k': array([5.21837e-07, 0.00000e+00, 0.00000e+00]), 'p': array([0., 0.])}]\n",
      "17\n",
      "[0, 2, 3]\n",
